 
1.88071271173 1.64266877455 1.82014690989
1.88822004176 1.75142026783 1.92841826477
1.67171778488 1.42541509361 1.60506391458
1.87391251027 1.53389748232 1.71296584387
1.56355470655 1.31682445389 1.50391968104
2.51151731787 2.29721724305 2.49649440167
1.46604036522 1.20861266443 1.4125720345
0.96884771479 0.780291897256 0.945668228862
1.34619122103 1.10096989309 1.31788368296
1.27252840625 0.991508700938 1.21630244842
0.79298035813 0.658314727752 0.777473361003
1.11544805814 0.886263203476 1.09395511843
