   1  alphaCB      5.52734e-01   8.72529e-02   2.58101e-04  -1.09615e+00
   2  f1           6.51895e-01   4.14951e-02   5.29725e-04   3.08668e-01
   3  f2           6.46631e-01   3.04903e-02   2.70611e-04  -4.26270e-01
   4  f3           8.20130e-01   4.32828e-02   5.02122e-04   2.84338e-01
   5  meanCB       8.72179e+01   4.29645e-01   9.22806e-05  -3.76161e-02
   6  meanGauss1   9.10501e+01   3.23690e-02   2.16129e-05   2.79893e-01
   7  meanGauss2   9.05183e+01   7.54369e-02   5.40234e-05   7.53156e-01
   8  meanGauss3   6.32586e+01   9.51285e-01   3.22868e-04  -2.26648e-01
   9  nCB          1.16485e+01   2.98387e+01   1.30827e-03  -5.63394e-01
  10  sigmaCB      4.53002e+00   2.27286e-01   8.81576e-05  -9.41350e-02
  11  sigmaGauss1   7.81334e-01   4.64646e-02   1.58232e-05  -1.74781e+00
  12  sigmaGauss2   1.74513e+00   1.02710e-01   1.54494e-05  -1.30581e+00
  13  sigmaGauss3   9.82399e+00   1.06701e+00   7.36029e-05  -9.33185e-01
